X  4  1
Y  6  3
* X X 2 88 0 0 0 0 0 0 1 89 5 89 1 89 6 89 0 0 0 0 0 0 3 88 0 0 1 88 0 0 0 0 4 88 0 0 1 88 4 88 0 0 0 0 0 0 2 89
89
8
3
1
X  1  1
Y  4  1
* X X 0 0 0 0 2 88 0 0 0 0 5 89 1 89 2 89 1 89 0 0 0 0 5 88 4 89 0 0 0 0 0 0 3 88 0 0 5 88 0 0 0 0 0 0 0 0 2 89
6
3
X  4  1
* X X 1 89 1 89 0 0 0 0 0 0 2 89 0 0 3 89 0 0 0 0 0 0 2 89 1 89 0 0 0 0 2 89 3 89 0 0 2 88 1 88 2 88 2 88 3 88 5 88
Y  3  3
X  5  5
X  3  3
X  2  5
X  1  1
X  6  3
X  3  3
* X X 1 89 1 89 0 0 0 0 0 0 2 89 0 0 3 89 0 0 0 0 0 0 2 89 1 89 0 0 0 0 2 89 3 89 0 0 2 88 1 88 2 88 2 88 3 88 5 88
Y  4  1
X  3  3
* X Y 1 89 1 89 0 0 0 0 0 0 2 89 0 0 3 89 0 0 0 0 0 0 2 89 1 89 0 0 0 0 2 89 3 89 0 0 0 0 0 0 0 0 0 0 1 88 3 88
3
6
Y  6  4
X  2  6
* Y Y 2 89 0 0 0 0 0 0 0 0 5 88 1 88 3 88 0 0 0 0 1 88 3 89 3 88 0 0 0 0 1 89 3 89 1 89 5 89 0 0 0 0 0 0 0 0 2 88
Y  3  3
X  4  1
6
3
* X X 2 88 0 0 0 0 0 0 0 0 5 89 0 0 3 89 0 0 0 0 0 0 5 88 5 89 0 0 0 0 0 0 3 88 0 0 5 88 0 0 0 0 0 0 0 0 2 89
X  1  1
